Image
[[ 51 113 125 157 109  58  92  88]
 [ 44  31 113 117 145  98  24  85]
 [ 13  26  54 126 149 142  53  46]
 [ 51  30  27  78 128 112 160  59]
 [ 68  18  14  78  76 137 134 114]
 [ 54  31  51  22  83 109 112 134]
 [ 67  87  28  13  27  68  99 142]
 [ 80  47  43  54  45  25  61 103]]

Image - 128
[[ -77.  -15.   -3.   29.  -19.  -70.  -36.  -40.]
 [ -84.  -97.  -15.  -11.   17.  -30. -104.  -43.]
 [-115. -102.  -74.   -2.   21.   14.  -75.  -82.]
 [ -77.  -98. -101.  -50.    0.  -16.   32.  -69.]
 [ -60. -110. -114.  -50.  -52.    9.    6.  -14.]
 [ -74.  -97.  -77. -106.  -45.  -19.  -16.    6.]
 [ -61.  -41. -100. -115. -101.  -60.  -29.   14.]
 [ -48.  -81.  -85.  -74.  -83. -103.  -67.  -25.]]

dct2(Image - 128)
[[  9 -24  -8   3   3   0   0   0]
 [ 13   7 -25  -2   1   0   0   0]
 [ -1  15   3  -9   1  -1   0   0]
 [  6  -2   6  -2  -1   0   0   0]
 [  2   1   1   0   0   1  -1   0]
 [  0   0   1   0  -1   0  -1   0]
 [  0   0  -1   0   0   0   0   0]
 [  0   0   0   0   0   0   0  -1]]

dct2(Image - 128)*Q
[[  72 -144  -40   24   36    0    0    0]
 [  78   42 -175  -20   13    0    0    0]
 [  -7  105   24 -108   20  -29    0    0]
 [  42  -18   66  -30  -26    0    0    0]
 [  18   11   19    0    0   41  -52    0]
 [   0    0   32    0  -44    0  -57    0]
 [   0    0  -39    0    0    0    0    0]
 [   0    0    0    0    0    0    0  -50]]

